{
 "cells": [
  {
   "cell_type": "code",
   "execution_count": 132,
   "metadata": {},
   "outputs": [],
   "source": [
    "filename = r'C:\\Users\\Alan Horst\\MachineLearningNg\\Python\\data\\BreastCancerdata.csv'\n",
    "#filename = r'C:\\Users\\Alan Horst\\MachineLearningNg\\Python\\data\\ex1data2.csv'"
   ]
  },
  {
   "cell_type": "code",
   "execution_count": 133,
   "metadata": {},
   "outputs": [
    {
     "data": {
      "text/html": [
       "<div>\n",
       "<style scoped>\n",
       "    .dataframe tbody tr th:only-of-type {\n",
       "        vertical-align: middle;\n",
       "    }\n",
       "\n",
       "    .dataframe tbody tr th {\n",
       "        vertical-align: top;\n",
       "    }\n",
       "\n",
       "    .dataframe thead th {\n",
       "        text-align: right;\n",
       "    }\n",
       "</style>\n",
       "<table border=\"1\" class=\"dataframe\">\n",
       "  <thead>\n",
       "    <tr style=\"text-align: right;\">\n",
       "      <th></th>\n",
       "      <th>id</th>\n",
       "      <th>diagnosis</th>\n",
       "      <th>radius_mean</th>\n",
       "      <th>texture_mean</th>\n",
       "      <th>perimeter_mean</th>\n",
       "      <th>area_mean</th>\n",
       "      <th>smoothness_mean</th>\n",
       "      <th>compactness_mean</th>\n",
       "      <th>concavity_mean</th>\n",
       "      <th>concave points_mean</th>\n",
       "      <th>...</th>\n",
       "      <th>texture_worst</th>\n",
       "      <th>perimeter_worst</th>\n",
       "      <th>area_worst</th>\n",
       "      <th>smoothness_worst</th>\n",
       "      <th>compactness_worst</th>\n",
       "      <th>concavity_worst</th>\n",
       "      <th>concave points_worst</th>\n",
       "      <th>symmetry_worst</th>\n",
       "      <th>fractal_dimension_worst</th>\n",
       "      <th>Unnamed: 32</th>\n",
       "    </tr>\n",
       "  </thead>\n",
       "  <tbody>\n",
       "    <tr>\n",
       "      <th>0</th>\n",
       "      <td>842302</td>\n",
       "      <td>M</td>\n",
       "      <td>17.99</td>\n",
       "      <td>10.38</td>\n",
       "      <td>122.80</td>\n",
       "      <td>1001.0</td>\n",
       "      <td>0.11840</td>\n",
       "      <td>0.27760</td>\n",
       "      <td>0.3001</td>\n",
       "      <td>0.14710</td>\n",
       "      <td>...</td>\n",
       "      <td>17.33</td>\n",
       "      <td>184.60</td>\n",
       "      <td>2019.0</td>\n",
       "      <td>0.1622</td>\n",
       "      <td>0.6656</td>\n",
       "      <td>0.7119</td>\n",
       "      <td>0.2654</td>\n",
       "      <td>0.4601</td>\n",
       "      <td>0.11890</td>\n",
       "      <td>NaN</td>\n",
       "    </tr>\n",
       "    <tr>\n",
       "      <th>1</th>\n",
       "      <td>842517</td>\n",
       "      <td>M</td>\n",
       "      <td>20.57</td>\n",
       "      <td>17.77</td>\n",
       "      <td>132.90</td>\n",
       "      <td>1326.0</td>\n",
       "      <td>0.08474</td>\n",
       "      <td>0.07864</td>\n",
       "      <td>0.0869</td>\n",
       "      <td>0.07017</td>\n",
       "      <td>...</td>\n",
       "      <td>23.41</td>\n",
       "      <td>158.80</td>\n",
       "      <td>1956.0</td>\n",
       "      <td>0.1238</td>\n",
       "      <td>0.1866</td>\n",
       "      <td>0.2416</td>\n",
       "      <td>0.1860</td>\n",
       "      <td>0.2750</td>\n",
       "      <td>0.08902</td>\n",
       "      <td>NaN</td>\n",
       "    </tr>\n",
       "    <tr>\n",
       "      <th>2</th>\n",
       "      <td>84300903</td>\n",
       "      <td>M</td>\n",
       "      <td>19.69</td>\n",
       "      <td>21.25</td>\n",
       "      <td>130.00</td>\n",
       "      <td>1203.0</td>\n",
       "      <td>0.10960</td>\n",
       "      <td>0.15990</td>\n",
       "      <td>0.1974</td>\n",
       "      <td>0.12790</td>\n",
       "      <td>...</td>\n",
       "      <td>25.53</td>\n",
       "      <td>152.50</td>\n",
       "      <td>1709.0</td>\n",
       "      <td>0.1444</td>\n",
       "      <td>0.4245</td>\n",
       "      <td>0.4504</td>\n",
       "      <td>0.2430</td>\n",
       "      <td>0.3613</td>\n",
       "      <td>0.08758</td>\n",
       "      <td>NaN</td>\n",
       "    </tr>\n",
       "    <tr>\n",
       "      <th>3</th>\n",
       "      <td>84348301</td>\n",
       "      <td>M</td>\n",
       "      <td>11.42</td>\n",
       "      <td>20.38</td>\n",
       "      <td>77.58</td>\n",
       "      <td>386.1</td>\n",
       "      <td>0.14250</td>\n",
       "      <td>0.28390</td>\n",
       "      <td>0.2414</td>\n",
       "      <td>0.10520</td>\n",
       "      <td>...</td>\n",
       "      <td>26.50</td>\n",
       "      <td>98.87</td>\n",
       "      <td>567.7</td>\n",
       "      <td>0.2098</td>\n",
       "      <td>0.8663</td>\n",
       "      <td>0.6869</td>\n",
       "      <td>0.2575</td>\n",
       "      <td>0.6638</td>\n",
       "      <td>0.17300</td>\n",
       "      <td>NaN</td>\n",
       "    </tr>\n",
       "    <tr>\n",
       "      <th>4</th>\n",
       "      <td>84358402</td>\n",
       "      <td>M</td>\n",
       "      <td>20.29</td>\n",
       "      <td>14.34</td>\n",
       "      <td>135.10</td>\n",
       "      <td>1297.0</td>\n",
       "      <td>0.10030</td>\n",
       "      <td>0.13280</td>\n",
       "      <td>0.1980</td>\n",
       "      <td>0.10430</td>\n",
       "      <td>...</td>\n",
       "      <td>16.67</td>\n",
       "      <td>152.20</td>\n",
       "      <td>1575.0</td>\n",
       "      <td>0.1374</td>\n",
       "      <td>0.2050</td>\n",
       "      <td>0.4000</td>\n",
       "      <td>0.1625</td>\n",
       "      <td>0.2364</td>\n",
       "      <td>0.07678</td>\n",
       "      <td>NaN</td>\n",
       "    </tr>\n",
       "  </tbody>\n",
       "</table>\n",
       "<p>5 rows × 33 columns</p>\n",
       "</div>"
      ],
      "text/plain": [
       "         id diagnosis  radius_mean  texture_mean  perimeter_mean  area_mean  \\\n",
       "0    842302         M        17.99         10.38          122.80     1001.0   \n",
       "1    842517         M        20.57         17.77          132.90     1326.0   \n",
       "2  84300903         M        19.69         21.25          130.00     1203.0   \n",
       "3  84348301         M        11.42         20.38           77.58      386.1   \n",
       "4  84358402         M        20.29         14.34          135.10     1297.0   \n",
       "\n",
       "   smoothness_mean  compactness_mean  concavity_mean  concave points_mean  \\\n",
       "0          0.11840           0.27760          0.3001              0.14710   \n",
       "1          0.08474           0.07864          0.0869              0.07017   \n",
       "2          0.10960           0.15990          0.1974              0.12790   \n",
       "3          0.14250           0.28390          0.2414              0.10520   \n",
       "4          0.10030           0.13280          0.1980              0.10430   \n",
       "\n",
       "      ...       texture_worst  perimeter_worst  area_worst  smoothness_worst  \\\n",
       "0     ...               17.33           184.60      2019.0            0.1622   \n",
       "1     ...               23.41           158.80      1956.0            0.1238   \n",
       "2     ...               25.53           152.50      1709.0            0.1444   \n",
       "3     ...               26.50            98.87       567.7            0.2098   \n",
       "4     ...               16.67           152.20      1575.0            0.1374   \n",
       "\n",
       "   compactness_worst  concavity_worst  concave points_worst  symmetry_worst  \\\n",
       "0             0.6656           0.7119                0.2654          0.4601   \n",
       "1             0.1866           0.2416                0.1860          0.2750   \n",
       "2             0.4245           0.4504                0.2430          0.3613   \n",
       "3             0.8663           0.6869                0.2575          0.6638   \n",
       "4             0.2050           0.4000                0.1625          0.2364   \n",
       "\n",
       "   fractal_dimension_worst  Unnamed: 32  \n",
       "0                  0.11890          NaN  \n",
       "1                  0.08902          NaN  \n",
       "2                  0.08758          NaN  \n",
       "3                  0.17300          NaN  \n",
       "4                  0.07678          NaN  \n",
       "\n",
       "[5 rows x 33 columns]"
      ]
     },
     "execution_count": 133,
     "metadata": {},
     "output_type": "execute_result"
    }
   ],
   "source": [
    "import pandas as pd\n",
    "import numpy as np\n",
    "import math\n",
    "import scipy\n",
    "dataBC = pd.read_csv(filename)\n",
    "dataBC.head()\n",
    "#dataBC.plot(kind='scatter',x='radius_mean',y='smoothness_mean')"
   ]
  },
  {
   "cell_type": "code",
   "execution_count": 134,
   "metadata": {},
   "outputs": [],
   "source": [
    "#Initialize machine learning algorithm of choice\n",
    "Linear_Regression = 0 #do not use for classification, linear relationships\n",
    "Logistic_Regression = 1 #only use for classification"
   ]
  },
  {
   "cell_type": "code",
   "execution_count": 135,
   "metadata": {},
   "outputs": [],
   "source": [
    "#Choose Data to Input\n",
    "#DataInputx = ['area', 'occupants']\n",
    "DataInputx = ['radius_mean', 'texture_mean', 'perimeter_mean', 'area_mean', 'smoothness_mean', 'compactness_mean', 'concavity_mean', 'concave points_mean', 'texture_worst', 'perimeter_worst', 'area_worst', 'smoothness_worst', 'compactness_worst', 'concavity_worst', 'concave points_worst', 'symmetry_worst', 'fractal_dimension_worst']\n",
    "dataBC_X = dataBC[DataInputx].copy()\n",
    "for i in range(0,len(DataInputx)):\n",
    "    mean = dataBC_X[DataInputx[i]].mean(axis=0)\n",
    "    std = dataBC_X[DataInputx[i]].std(axis=0)\n",
    "    def Norm(df):\n",
    "        return (df[DataInputx[i]]-std)/mean\n",
    "    dataBC_X[DataInputx[i]] = dataBC_X.apply(Norm, axis=1)\n",
    "dataBC_X['zeroeth'] = 1\n",
    "#print(dataBC_X)\n",
    "if Logistic_Regression == 1:\n",
    "    BorM = {'M':1, 'B':0}\n",
    "    dataBC.diagnosis = [BorM[item] for item in dataBC.diagnosis]\n",
    "\n",
    "dataBC_Y = dataBC[['diagnosis']].copy()\n",
    "X = dataBC_X.values\n",
    "y = dataBC_Y.values\n",
    "n = len(dataBC_X.columns)\n",
    "m = len(dataBC_Y.index)"
   ]
  },
  {
   "cell_type": "code",
   "execution_count": 137,
   "metadata": {},
   "outputs": [],
   "source": [
    "if Linear_Regression == 1:\n",
    "    # Some gradient descent settings\n",
    "    num_iters = 1500\n",
    "    alpha = 0.01\n",
    "    theta = np.zeros((n,1))\n",
    "    J = 1/(2*m) * sum(np.square((X.dot(theta))-y))\n",
    "        \n",
    "    J_history = []\n",
    "    iter = 0\n",
    "    while iter < num_iters:\n",
    "        temp = theta\n",
    "        theta = temp - (alpha/(m) * sum(((X.dot(theta)-y).T).dot(X))).reshape((-1, 1))\n",
    "        #np.append(J_history, computeCost(X, y, theta))\n",
    "        iter += 1\n",
    "    print('Theta Result:')\n",
    "    print(theta)\n",
    "    test = X[3]\n",
    "    print('Algorithm Test Result:')\n",
    "    print(np.dot(theta.T,test))"
   ]
  },
  {
   "cell_type": "code",
   "execution_count": 138,
   "metadata": {},
   "outputs": [
    {
     "name": "stdout",
     "output_type": "stream",
     "text": [
      "0.840046028346895\n"
     ]
    },
    {
     "data": {
      "text/plain": [
       "      fun: 0.09510303639053273\n",
       " hess_inv: array([[ 42.77066123, -28.96605745,  34.41888698,  29.45993103,\n",
       "         -8.79318995,  20.11799523,  -2.50650173, -32.19961565,\n",
       "        -46.5115534 ,  15.23062302, -15.11098123, -32.06840572,\n",
       "         11.58661814,   9.98209023,  -7.96015028, -28.48057848,\n",
       "          2.00298181,  33.09068213],\n",
       "       [-28.96605745,  24.9076177 , -24.5380502 , -14.53043744,\n",
       "         -0.41658021, -20.48369189,  -6.33924057,  25.20624873,\n",
       "         39.17197524,  -8.06659126,  22.12584397,  19.92300029,\n",
       "         -1.88243682,  -4.8465935 ,  12.23168365,  20.00168265,\n",
       "         -5.9953339 , -29.92737875],\n",
       "       [ 34.41888698, -24.5380502 ,  30.19251278,  24.86207088,\n",
       "         -5.06323313,  17.65301296,   1.92785242, -23.69999946,\n",
       "        -39.73722257,  12.99910771, -12.15285806, -25.2097524 ,\n",
       "          5.14122321,   6.17115122,  -7.68010149, -23.29542498,\n",
       "          1.76503309,  28.35630948],\n",
       "       [ 29.45993103, -14.53043744,  24.86207088,  40.39622458,\n",
       "        -18.74087707,   2.34413275,  -5.86585747,  -3.49463794,\n",
       "        -21.20913178,  18.53364323,  22.08593229, -27.29794124,\n",
       "         14.24931261,  10.94795887,  10.96518626, -20.79881594,\n",
       "        -11.30592301,   6.39589846],\n",
       "       [ -8.79318995,  -0.41658021,  -5.06323313, -18.74087707,\n",
       "         19.64946531,   8.05729568,  16.18893054,   1.06967157,\n",
       "         -3.4762328 ,  -7.82451874, -21.1445024 ,  14.37183152,\n",
       "        -22.04367675, -12.52624807, -14.95813837,   7.10160921,\n",
       "          9.58304693,   9.6273474 ],\n",
       "       [ 20.11799523, -20.48369189,  17.65301296,   2.34413275,\n",
       "          8.05729568,  22.39624502,  11.6519678 , -22.82678708,\n",
       "        -34.55891257,   2.48404214, -29.99906949, -10.78012111,\n",
       "         -5.26091357,   0.613127  , -16.82115453, -13.67184181,\n",
       "         10.1300957 ,  29.47786856],\n",
       "       [ -2.50650173,  -6.33924057,   1.92785242,  -5.86585747,\n",
       "         16.18893054,  11.6519678 ,  29.15612726,  11.58153924,\n",
       "        -12.02988838,  -2.23347357, -11.22263055,   8.54760594,\n",
       "        -25.02026922,  -9.88622849, -11.08133979,   1.13168978,\n",
       "          5.12825075,   9.76632506],\n",
       "       [-32.19961565,  25.20624873, -23.69999946,  -3.49463794,\n",
       "          1.06967157, -22.82678708,  11.58153924,  53.16946339,\n",
       "         41.72193043,  -3.45184936,  42.96158367,  23.23266252,\n",
       "        -16.38111584,  -9.65506003,  18.5913244 ,  20.9862774 ,\n",
       "        -13.60033974, -38.59587245],\n",
       "       [-46.5115534 ,  39.17197524, -39.73722257, -21.20913178,\n",
       "         -3.4762328 , -34.55891257, -12.02988838,  41.72193043,\n",
       "         65.7077182 , -12.21913478,  39.48456005,  30.58614206,\n",
       "          0.40324427,  -5.60838999,  22.49772984,  31.76933129,\n",
       "        -11.2601503 , -50.82666318],\n",
       "       [ 15.23062302,  -8.06659126,  12.99910771,  18.53364323,\n",
       "         -7.82451874,   2.48404214,  -2.23347357,  -3.45184936,\n",
       "        -12.21913478,   9.94066357,   8.13429582, -13.19140573,\n",
       "          5.78440415,   4.64108118,   3.64333688, -10.43928832,\n",
       "         -4.40060203,   5.39696663],\n",
       "       [-15.11098123,  22.12584397, -12.15285806,  22.08593229,\n",
       "        -21.1445024 , -29.99906949, -11.22263055,  42.96158367,\n",
       "         39.48456005,   8.13429582,  64.95593888,   2.41650844,\n",
       "         10.51131144,   4.65877714,  33.43290531,   9.21910979,\n",
       "        -23.53815266, -43.18991982],\n",
       "       [-32.06840572,  19.92300029, -25.2097524 , -27.29794124,\n",
       "         14.37183152, -10.78012111,   8.54760594,  23.23266252,\n",
       "         30.58614206, -13.19140573,   2.41650844,  29.44076321,\n",
       "        -18.75460847, -13.33963045,  -1.034001  ,  22.72758069,\n",
       "          2.44110798, -18.36324666],\n",
       "       [ 11.58661814,  -1.88243682,   5.14122321,  14.24931261,\n",
       "        -22.04367675,  -5.26091357, -25.02026922, -16.38111584,\n",
       "          0.40324427,   5.78440415,  10.51131144, -18.75460847,\n",
       "         37.23853048,  20.95546049,  13.91610601,  -9.05375128,\n",
       "         -5.41894791,  -5.7045741 ],\n",
       "       [  9.98209023,  -4.8465935 ,   6.17115122,  10.94795887,\n",
       "        -12.52624807,   0.613127  ,  -9.88622849,  -9.65506003,\n",
       "         -5.60838999,   4.64108118,   4.65877714, -13.33963045,\n",
       "         20.95546049,  15.0977764 ,   7.3983232 ,  -7.95833607,\n",
       "         -2.66104891,  -0.22603237],\n",
       "       [ -7.96015028,  12.23168365,  -7.68010149,  10.96518626,\n",
       "        -14.95813837, -16.82115453, -11.08133979,  18.5913244 ,\n",
       "         22.49772984,   3.64333688,  33.43290531,  -1.034001  ,\n",
       "         13.91610601,   7.3983232 ,  21.03936594,   4.37834477,\n",
       "        -12.44949674, -24.73477603],\n",
       "       [-28.48057848,  20.00168265, -23.29542498, -20.79881594,\n",
       "          7.10160921, -13.67184181,   1.13168978,  20.9862774 ,\n",
       "         31.76933129, -10.43928832,   9.21910979,  22.72758069,\n",
       "         -9.05375128,  -7.95833607,   4.37834477,  21.00841974,\n",
       "         -0.6446302 , -21.47571138],\n",
       "       [  2.00298181,  -5.9953339 ,   1.76503309, -11.30592301,\n",
       "          9.58304693,  10.1300957 ,   5.12825075, -13.60033974,\n",
       "        -11.2601503 ,  -4.40060203, -23.53815266,   2.44110798,\n",
       "         -5.41894791,  -2.66104891, -12.44949674,  -0.6446302 ,\n",
       "         10.35861775,  14.16076734],\n",
       "       [ 33.09068213, -29.92737875,  28.35630948,   6.39589846,\n",
       "          9.6273474 ,  29.47786856,   9.76632506, -38.59587245,\n",
       "        -50.82666318,   5.39696663, -43.18991982, -18.36324666,\n",
       "         -5.7045741 ,  -0.22603237, -24.73477603, -21.47571138,\n",
       "         14.16076734,  45.88715925]])\n",
       "      jac: array([-1.04230487e-03, -8.91369449e-04,  1.00539538e-05,  3.23602711e-04,\n",
       "        2.30681687e-04, -4.60733416e-04, -2.81429593e-04, -5.00383131e-04,\n",
       "       -1.04779008e-03,  3.66587571e-04,  1.01209806e-03,  3.90358210e-04,\n",
       "       -5.90371928e-05,  4.08368872e-04, -7.94019716e-04,  5.34144707e-04,\n",
       "        3.32761874e-04, -2.15231016e-04])\n",
       "  message: 'Desired error not necessarily achieved due to precision loss.'\n",
       "     nfev: 151\n",
       "      nit: 40\n",
       "     njev: 139\n",
       "   status: 2\n",
       "  success: False\n",
       "        x: array([ 1.37022228, -1.39290923,  1.1478283 , -1.06276854,  1.34082319,\n",
       "        1.74669627,  0.00473935, -3.27869312, -2.58006071, -0.24354901,\n",
       "       -3.98932934, -0.24987967, -0.68384804, -0.54593443, -2.25691764,\n",
       "       -0.60795736,  1.54877331,  3.11965845])"
      ]
     },
     "execution_count": 138,
     "metadata": {},
     "output_type": "execute_result"
    }
   ],
   "source": [
    "from scipy.optimize import minimize\n",
    "regularization = 1 #To minimize effect of overfitting, set = 1\n",
    "if Logistic_Regression == 1:\n",
    "    iterations = 1500;\n",
    "    alpha = 0.01;\n",
    "    theta = np.zeros(n)\n",
    "    initial_theta = np.zeros((n,1))\n",
    "    def sigmoid(x):\n",
    "        return 1/ (1 + np.exp(-x))\n",
    "    def h(x, theta):\n",
    "        return np.array(sigmoid(np.dot(x, theta)))\n",
    "    sigmoid = np.vectorize(sigmoid)\n",
    "    def costFunction(theta,x,y, lambda_):\n",
    "        #m = X.shape[0]\n",
    "\n",
    "        p1 = np.dot(y.T, np.log(h(x, theta)).reshape(m,1))\n",
    "        p2 = np.dot((np.ones((m,1)) - y).T, np.log( 1 - h(x, theta)).reshape(m,1))\n",
    "        summ = (p1 + p2)\n",
    "        J = -summ[0]/m\n",
    "        if regularization == 1:\n",
    "            reg_J = lambda_/(2*m)*sum(np.square(theta[1:]))\n",
    "            J[1:] = J[1:] + reg_J\n",
    "\n",
    "\n",
    "        return J\n",
    "    def gradientVect(theta, x, y, lambda_):\n",
    "        gradient = []\n",
    "\n",
    "        theta = theta.reshape(n,1)\n",
    "\n",
    "        beta = h(x, theta) - y\n",
    "        \n",
    "        grad = np.dot(X.T, beta) * 1./m\n",
    "\n",
    "        if regularization == 1:\n",
    "            reg = theta[1:] * lambda_/m\n",
    "            grad[1:] = grad[1:] + reg\n",
    "\n",
    "        return grad.flatten()\n",
    "        \n",
    "    def optimizeTheta(x, y, nLabels, lambda_):\n",
    "\n",
    "        for i in np.arange(0, nLabels):\n",
    "            theta = np.zeros((n,1))\n",
    "            res = minimize(costFunction, theta, args=(x, (y == i)*1, lambda_), method='BFGS',\n",
    "                       jac=gradientVect, options={'maxiter':300})\n",
    "            test = X[19]\n",
    "            print(sigmoid(np.dot(res.x,test)))\n",
    "        return res\n",
    "optimizeTheta(X,y,1,0.5)"
   ]
  },
  {
   "cell_type": "markdown",
   "metadata": {},
   "source": []
  },
  {
   "cell_type": "code",
   "execution_count": null,
   "metadata": {},
   "outputs": [],
   "source": []
  }
 ],
 "metadata": {
  "kernelspec": {
   "display_name": "Python 3",
   "language": "python",
   "name": "python3"
  },
  "language_info": {
   "codemirror_mode": {
    "name": "ipython",
    "version": 3
   },
   "file_extension": ".py",
   "mimetype": "text/x-python",
   "name": "python",
   "nbconvert_exporter": "python",
   "pygments_lexer": "ipython3",
   "version": "3.6.8"
  }
 },
 "nbformat": 4,
 "nbformat_minor": 2
}
